.63f4f99abadf1 4 0 88 71
2 0 81 99
.63f4f99ad64ee 1 0 81 64
.63f4f9a9b773f 4 0 88 41
2 0 81 51
.63f4f9a9d7573 4 0 88 95
2 0 84 75
1 0 81 64
.63f4f9a9f0298 1 0 84 64
.63f4f9a9f32d3 4 0 88 99
2 0 81 52
.63f4f9aa084b6 1 0 81 64
.63f4f9aa0a812 4 0 88 79
2 0 84 69
.63f4f9aa1b446 1 0 84 64
.63f4f9aa1e580 4 0 88 42
2 0 81 50
.63f4f9aa33338 1 0 81 64
.63f4f9aa35d3c 4 0 88 32
2 0 84 72
.63f4f9aa44a40 1 0 84 64
.63f4f9aa49816 4 0 88 86
2 0 81 45
.63f4f9aa5d6f5 1 0 81 64
.63f4f9aa5fd4e 4 0 88 96
2 0 84 60
.63f4f9aa6d587 1 0 84 64
.63f4f9aa73244 4 0 88 120
2 0 81 49
.63f4f9aa8e063 1 0 81 64
.63f4f9ab66c31 4 0 88 32
2 0 81 72
.63f4f9ab88d0a 1 0 81 64
.63f4f9ab898c2 4 0 88 24
2 0 83 69
.63f4f9aba3f43 4 0 88 43
2 0 81 46
.63f4f9aba6d02 1 0 83 64
.63f4f9abb6a60 1 0 81 64
.63f4f9abbe7fa 4 0 88 118
2 0 83 64
.63f4f9abea842 4 0 88 82
2 0 81 80
.63f4f9abf0c5a 1 0 83 64
.63f4f9ac061ae 1 0 81 64
